274
0.180123 -0.156584 0.208264 -0.0354046
0.00170851 0.119635 0.0259118 0.230008
-0.151904 -0.16761 -0.124084 -0.052111
-0.13425 -0.0759228 -0.106662 0.0374152
0.00784963 -0.119917 0.0346297 -0.00590204
0.075689 -0.0367386 0.101948 0.079954
0.105977 -0.159172 0.133706 -0.041754
0.33626 -0.176545 0.365365 -0.049594
-0.147521 -0.131358 -0.120611 -0.0169664
0.110469 -0.053585 0.136504 0.0643618
0.352386 -0.132752 0.38117 -0.00447861
0.221064 0.0281686 0.246832 0.156549
-0.192917 -0.111152 -0.164805 0.00777235
0.118393 -0.0723701 0.145158 0.04654
-0.367639 -0.242526 -0.333385 -0.104277
-0.0132455 -0.0211093 0.0118272 0.0970149
-0.175235 0.0893186 -0.148456 0.20366
0.00659906 0.111118 0.0315057 0.222772
-0.37313 0.00604535 -0.341989 0.133251
-0.37313 0.00604535 -0.341989 0.133251
0.042606 -0.154014 0.0703749 -0.0375511
0.042606 -0.154014 0.0703749 -0.0375511
0.291429 0.137662 0.314848 0.267849
0.291429 0.137662 0.314848 0.267849
0.0519647 0.115532 0.0759277 0.229481
0.0563884 -0.165016 0.0844072 -0.0486022
-0.37205 0.0637014 -0.340743 0.190653
-0.124623 0.136423 -0.0992526 0.245511
0.0844824 0.0447369 0.109291 0.162155
0.0844824 0.0447369 0.109291 0.162155
-0.00298964 0.0865249 0.0215665 0.198523
-0.389626 -0.250013 -0.355763 -0.109665
0.355699 -0.26476 0.386535 -0.136199
0.0983034 -0.190988 0.126074 -0.0733274
0.376654 -0.223607 0.407344 -0.0945869
-0.149316 0.0867179 -0.123246 0.197569
-0.171267 -0.193518 -0.143656 -0.0752581
-0.171267 -0.193518 -0.143656 -0.0752581
0.304283 -0.109953 0.331944 0.0162644
0.0522667 0.133086 0.0758189 0.247176
-0.0232799 -0.0555454 0.00354899 0.0579952
-0.373822 -0.0981616 -0.341752 0.0364672
0.0641916 0.158335 0.0871233 0.272052
0.0346127 0.130031 0.0592012 0.244088
0.269554 -0.239825 0.29946 -0.113745
0.269554 -0.239825 0.29946 -0.113745
0.296897 -0.0788939 0.323838 0.0461852
-0.170373 0.0779329 -0.144499 0.190208
0.00817136 -0.0473276 0.0340997 0.0676073
0.303624 -0.285232 0.335341 -0.159306
0.0130296 -0.106081 0.0402759 0.00876615
-0.300059 0.0379374 -0.270965 0.160237
-0.319602 -0.193001 -0.287838 -0.061061
-0.352744 0.126388 -0.322836 0.249902
-0.0194647 0.0862859 0.00568731 0.197615
-0.0194647 0.0862859 0.00568731 0.197615
-0.392789 -0.16379 -0.360858 -0.030128
0.00308301 -0.0288682 0.029404 0.0830727
-0.355733 -0.25296 -0.322348 -0.115146
0.0875114 0.00770569 0.11231 0.12604
0.11292 0.0491541 0.137831 0.168619
-0.140316 0.103983 -0.116279 0.215888
-0.190334 -0.0928576 -0.162026 0.0269404
-0.126676 -0.20595 -0.0978004 -0.092909
-0.346693 -0.0848461 -0.314756 0.047222
0.0365094 -0.205621 0.0648985 -0.0898579
-0.202081 -0.0270964 -0.17372 0.0901614
-0.202081 -0.0270964 -0.17372 0.0901614
0.0511377 -0.0292649 0.0771259 0.0877242
-0.295471 0.0945232 -0.266587 0.214212
-0.295471 0.0945232 -0.266587 0.214212
-0.354258 0.0571619 -0.322272 0.183405
-0.350692 -0.0571386 -0.319319 0.0734015
0.283481 -0.0811514 0.310497 0.04406
0.283481 -0.0811514 0.310497 0.04406
-0.411825 0.148985 -0.380426 0.275941
-0.226582 -0.287373 -0.195069 -0.160584
0.164698 -0.205108 0.192934 -0.0846637
0.00477091 -0.135714 0.0348609 -0.0198255
0.237579 -0.139557 0.265584 -0.0159693
-0.364367 0.121831 -0.334081 0.245525
-0.142215 -0.245123 -0.114057 -0.131258
0.151932 -0.21156 0.180898 -0.091428
0.138288 -0.270077 0.167667 -0.152476
0.235952 -0.164956 0.264461 -0.0404422
0.235952 -0.164956 0.264461 -0.0404422
0.00696544 -0.069544 0.033528 0.0455019
-0.363665 0.133312 -0.333564 0.257403
-0.406432 -0.188218 -0.372036 -0.0511481
0.0590392 0.0193762 0.0840066 0.136436
0.0834005 -0.171164 0.111377 -0.054744
-0.259543 0.134895 -0.231563 0.253672
-0.230903 0.0942768 -0.203377 0.210075
0.118909 -0.267093 0.148274 -0.151638
0.174611 -0.280968 0.202207 -0.16305
-0.215046 0.0539579 -0.187004 0.169022
0.0908046 0.0867173 0.114829 0.203333
0.0908046 0.0867173 0.114829 0.203333
0.303167 -0.00634318 0.329195 0.121594
0.0413761 -0.1366 0.0693303 -0.0201782
-0.168195 0.0447392 -0.14023 0.157371
0.234405 0.085093 0.25869 0.211459
-0.375601 -0.0870976 -0.342973 0.0463655
0.226572 0.0505433 0.251833 0.176132
-0.0132226 0.11914 0.00998003 0.228816
-0.347278 0.0106029 -0.315864 0.136029
-0.309968 -0.128366 -0.278767 0.00125224
-0.309968 -0.128366 -0.278767 0.00125224
-0.309968 -0.128366 -0.278767 0.00125224
-0.348895 -0.225491 -0.315777 -0.0889393
0.0345211 0.145009 0.0579902 0.257465
0.256715 -0.206387 0.286117 -0.0807459
0.26723 -0.226913 0.29693 -0.100409
0.105919 0.0692304 0.130328 0.187688
0.105919 0.0692304 0.130328 0.187688
-0.138056 -0.203152 -0.108772 -0.0901515
-0.396358 -0.0707978 -0.363345 0.0625896
0.131166 0.0350598 0.156057 0.156866
0.195622 -0.018151 0.22149 0.105312
0.195622 -0.018151 0.22149 0.105312
0.142122 -0.216048 0.171033 -0.0961747
0.142122 -0.216048 0.171033 -0.0961747
0.111836 0.177682 0.134622 0.295312
-0.31554 0.0897323 -0.285981 0.211059
0.300462 -0.0507172 0.327021 0.0748234
-0.234251 -0.246973 -0.203126 -0.119849
-0.234251 -0.246973 -0.203126 -0.119849
-0.420239 -0.19559 -0.385806 -0.0564142
0.322118 -0.0975392 0.349797 0.0290047
-0.253723 0.151246 -0.225758 0.269063
-0.253723 0.151246 -0.225758 0.269063
-0.358746 -0.150874 -0.326145 -0.0185994
0.332107 -0.22275 0.36146 -0.0949983
-0.457994 -0.0088271 -0.423948 0.124475
-0.360651 -0.124841 -0.328271 0.00955818
0.345689 -0.254759 0.376275 -0.126209
-0.142481 -0.228931 -0.113607 -0.115511
0.0269282 -0.0679993 0.0535034 0.0475384
-0.351273 0.000642978 -0.320206 0.127327
-0.395129 -0.266261 -0.360506 -0.124473
0.0698417 0.0928414 0.0940768 0.209302
0.125917 -0.287936 0.155762 -0.172368
-0.197306 0.117633 -0.170539 0.231971
-0.197306 0.117633 -0.170539 0.231971
-0.421102 0.158649 -0.389471 0.286518
-0.421102 0.158649 -0.389471 0.286518
0.284893 -0.14421 0.3132 -0.0187068
0.284893 -0.14421 0.3132 -0.0187068
-0.211091 -0.207328 -0.180971 -0.0834163
0.107002 -0.261277 0.13608 -0.144899
0.0967147 0.0684439 0.121247 0.186567
0.0967147 0.0684439 0.121247 0.186567
0.0801803 0.0888731 0.104431 0.205828
0.0801803 0.0888731 0.104431 0.205828
0.0512713 -0.0569589 0.0775771 0.06023
-0.114896 -0.28726 -0.085074 -0.173524
-0.114896 -0.28726 -0.085074 -0.173524
0.00650742 -0.0976136 0.0330771 0.0164096
-0.463158 -0.132632 -0.427861 0.00896567
-0.203368 0.101338 -0.176128 0.215993
-0.132037 -0.29162 -0.102029 -0.176841
-0.132037 -0.29162 -0.102029 -0.176841
-0.308175 0.0963649 -0.279083 0.216691
-0.308175 0.0963649 -0.279083 0.216691
0.289986 -0.0355493 0.316154 0.0898488
0.289986 -0.0355493 0.316154 0.0898488
-0.00804008 0.131842 0.0159155 0.24261
0.0537605 0.0877738 0.0785795 0.203668
0.260054 -0.232935 0.290172 -0.107259
-0.170533 -0.203398 -0.141261 -0.0844998
0.310704 -0.158583 0.339473 -0.0318247
-0.239946 0.0380965 -0.21154 0.155629
0.168169 -0.0137187 0.194192 0.109141
-0.290532 0.085553 -0.261943 0.205295
0.249277 -0.0908539 0.276313 0.0332566
0.0474224 -0.194646 0.0761 -0.0785151
0.0474224 -0.194646 0.0761 -0.0785151
-0.00362085 -0.137058 0.0226209 -0.0224031
0.230375 -0.265006 0.260806 -0.141752
-0.146118 0.0643295 -0.120159 0.174302
-0.384104 -0.123747 -0.350905 0.0123448
-0.156257 -0.126521 -0.127799 -0.0112618
0.035684 -0.0541627 0.0621268 0.0613319
0.112588 -0.273675 0.141324 -0.156428
-0.00720654 0.10093 0.0172529 0.212602
0.184562 -0.00928989 0.210037 0.113572
-0.163732 0.219468 0.169722 0.26866
-0.300763 0.0872606 -0.271205 0.206974
0.281207 -0.0704216 0.307813 0.0550048
-0.0104362 0.0764578 0.0142374 0.188148
0.0913529 -0.179752 0.119479 -0.0622093
0.0913529 -0.179752 0.119479 -0.0622093
0.127166 0.00142915 0.152857 0.122943
0.282678 -0.218197 0.312433 -0.0916222
-0.144004 -0.0128035 -0.11687 0.0987276
-0.259826 0.0815143 -0.230966 0.199146
0.0637072 0.0851088 0.0879807 0.201251
0.143693 -0.191654 0.172297 -0.0717587
-0.21041 -0.166144 -0.180192 -0.0435197
0.193588 -0.154713 0.221602 -0.0324532
0.368068 -0.284895 0.399351 -0.155696
0.319445 -0.203275 0.349292 -0.0768157
0.251303 -0.218721 0.280521 -0.0932941
0.251303 -0.218721 0.280521 -0.0932941
-0.142868 0.0731285 -0.116779 0.183332
-0.142868 0.0731285 -0.116779 0.183332
-0.429059 0.155658 -0.397166 0.283804
0.256622 -0.0143182 0.281926 0.111151
0.150875 -0.300873 0.181302 -0.183222
-0.434084 -0.264773 -0.398382 -0.120145
0.424152 -0.287731 0.45604 -0.157445
-0.374879 -0.218833 -0.341245 -0.0803264
0.0801864 0.0236417 0.105406 0.140966
-0.123296 0.149338 -0.098268 0.258467
-0.123296 0.149338 -0.098268 0.258467
-0.460125 0.11411 -0.427624 0.243635
0.17878 0.0361852 0.203846 0.160827
0.0146649 -0.0832508 0.0416862 0.031501
0.28471 0.127856 0.308325 0.258287
0.291652 0.00437219 0.317301 0.132731
0.0752022 0.0137459 0.100544 0.131499
0.0752022 0.0137459 0.100544 0.131499
0.292253 -0.191316 0.321652 -0.065033
0.379866 -0.153562 0.409523 -0.0238925
0.0382452 0.155096 0.0614856 0.267439
0.328848 -0.247191 0.359037 -0.118659
-0.464733 -0.0183089 -0.430686 0.116072
-0.351866 0.113922 -0.321942 0.236706
0.134668 -0.19549 0.162803 -0.0756575
0.00202994 0.0974162 0.0262942 0.209093
0.346442 -0.166438 0.375551 -0.038564
0.0575378 -0.224587 0.0866539 -0.109092
-0.207277 -0.0620918 -0.178738 0.0573931
-0.298128 0.0337076 -0.267581 0.15495
0.134252 0.0930926 0.158236 0.213762
0.251399 0.0345122 0.276489 0.160837
-0.464587 0.0775106 -0.431312 0.210488
0.300757 0.0836016 0.325435 0.214441
0.00808425 -0.0877107 0.0350722 0.0266505
-0.380948 -0.114849 -0.347997 0.0208408
0.101417 0.10156 0.126991 0.219264
-0.440052 -0.0925127 -0.405743 0.0450275
-0.4672 -0.0096256 -0.433101 0.124145
0.11979 -0.175573 0.147867 -0.057224
-0.179068 0.0837119 -0.15257 0.19645
-0.409303 -0.0131172 -0.376833 0.117654
-0.389467 -0.136009 -0.355822 0.00023575
0.323971 0.0885616 0.348418 0.221482
0.436474 -0.276477 0.467989 -0.146255
0.410424 0.0519139 0.436003 0.188447
0.319675 -0.170997 0.348721 -0.0443594
0.224032 0.012577 0.24937 0.138463
-0.179921 0.0760214 -0.153046 0.18887
-0.179921 0.0760214 -0.153046 0.18887
0.142257 0.18376 0.165065 0.303104
-0.325967 0.0489355 -0.295738 0.172889
-0.181707 -0.085471 -0.15343 0.0325227
-0.176761 0.00743681 -0.149286 0.123004
-0.428953 -0.183213 -0.39495 -0.04493
-0.426036 -0.0645639 -0.392487 0.0702781
-0.426036 -0.0645639 -0.392487 0.0702781
0.32641 -0.230459 0.357052 -0.102277
-0.00058179 -0.304467 0.0294942 -0.189649
0.232901 -0.0178179 0.258169 0.107018
0.245139 0.150088 0.26823 0.278385
0.0503924 -0.203026 0.0782575 -0.0874228
0.110457 -0.179776 0.139033 -0.061255
0.257765 -0.0298393 0.284034 0.0949883
-0.0232379 0.00244845 0.00178858 0.115797
-0.241728 0.152114 -0.214336 0.269096
0.15419 0.000307023 0.180149 0.123809
-0.159676 -0.117945 -0.129461 -0.00284387
-0.159676 -0.117945 -0.129461 -0.00284387
0.0722054 0.0882281 0.0961724 0.205229
